-0.2175 -30.6275 0.3
2.62917 10.9744 0.3
3.16 -28.55 0.3
5.5686 -18.847 0.3
6.02175 -72.0827 0.3
7.325 -73 0.3
8.95833 -71.6889 0.3
9.26707 -1.15228 0.3
10.4 -9.33333 0.3
11.8879 -25.2883 0.3
12.6722 -9.48478 0.3
13.7208 1.20111 0.3
14.825 -72.1778 0.3
15.0392 -33.7089 0.3
16.694 -41.386 0.3
17.5 -73 0.3
18.1738 -68.3333 0.3
27.1242 14.0386 0.3
28.1658 1.78853 0.3
32.1833 -57.5481 0.3
33.2708 12.2183 0.3
35.8108 -11.2947 0.3
37.3152 -25.1417 0.3
38.2025 20.2881 0.3
39.3913 -36.0578 0.3
40.6696 -0.013056 0.3
43.94 -16.2716 0.3
45.8604 -24.1203 0.3
46.213 -47.376 0.3
47.1092 4.11083 0.3
49.9658 18.7594 0.3
50.673 -37.2093 0.3
51.5579 2.42056 0.3
52.9914 31.9974 0.3
53.2992 -36.3283 0.3
54.625 -35.45 0.3
55.6465 31.3455 0.3
57.3467 -11.9908 0.3
58.2398 -68.5213 0.3
59.4153 -19.6679 0.3
64.2183 1.09 0.3
67.7649 -47.646 0.3
68.2962 5.35417 0.3
69.3157 -47.2522 0.3
72.3529 -43.8358 0.3
73.4909 -47.641 0.3
76.7424 -54.5986 0.3
77.4092 -4.01278 0.3
79.957 -45.779 0.3
80.7417 -36.4586 0.3
82.5 -69.1 0.3
83.8677 -69.2703 0.3
84.0739 -5.884 0.3
85.75 -69.5 0.3
87.6687 -32.2711 0.3
89.5221 -38.64 0.3
92.0311 -46.5864 0.3
94.15 -33.17 0.3
96.7779 -35.4876 0.3
99.9395 -56.0995 0.3
100.403 -50.9661 0.3
102.694 25.05 0.3
123.008 2.62583 0.3
126.537 19.6839 0.3
128.637 10.4099 0.3
137.2 -9.63333 0.3
139.524 -12.0953 0.3
144.276 -19.5796 0.3
152.566 -31.3193 0.3
155.949 0.644806 0.3
165.907 -23.4919 0.3
166.114 38.2088 0.3
169.275 20.2353 0.3
174.758 -37.7386 0.3
178.519 -0.169333 0.3
185.341 30.177 0.3
186.746 23.9042 0.3
187.706 12.3911 0.3
192.225 -41.3 0.3
193.283 -44.8425 0.3
194.95 27.9667 0.3
196.365 -49.4675 0.3
200.052 -32.072 0.3
201.366 -43.0192 0.3
202.148 -47.4711 0.3
204.139 -21.9501 0.3
206.889 12.2901 0.3
220.701 12.0111 0.3
225.702 -41.9117 0.3
228.211 -9.09995 0.3
229.424 -24.3721 0.3
232.846 0.244167 0.3
233.738 23.5026 0.3
238.93 11.19 0.3
244.992 -15.6433 0.3
246.796 -24.475 0.3
253.468 39.7602 0.3
256.376 11.464 0.3
261.727 -8.7518 0.3
265.108 10.0017 0.3
267.555 -6.70792 0.3
273.408 17.8428 0.3
282.854 -30.4336 0.3
283.775 -30.4833 0.3
284.265 -29.909 0.3
287.29 -27.6792 0.3
289.423 -19.3503 0.3
299.423 -28.3058 0.3
300.167 9.13694 0.3
301.856 10.96 0.3
302.356 -48.8314 0.3
310.038 -0.870853 0.3
313.5 -65 0.3
315.707 -31.2635 0.3
317.333 -8.75497 0.3
318.634 -46.7454 0.3
321.183 -33.979 0.3
322.493 12.1668 0.3
323.804 -24.8057 0.3
328.701 -53.1947 0.3
329.717 -30.2256 0.3
330.9 0.2 0.3
331.765 -27.8191 0.3
332.4 2.5 0.3
333.6 0.8 0.3
335.956 -2.10361 0.3
336.291 -2.258 0.3
339.142 -14.5561 0.3
340.925 -12.5183 0.3
342.24 17.77 0.3
343.722 -27.4194 0.3
345.816 8.87386 0.3
349.775 -42.1133 0.3
351.461 -40.7184 0.3
354.96 -5.51 0.3
356.408 -14.8194 0.3
359.783 -30.6275 0.3
360.144 -34.8186 0.3
34 11.38 0.3
82 -69 0.3
83 -69.9 0.3
84 -69.2 0.3
8.3929 -19.3594 0.3
3.4835 -18.9018 0.3
220.9882 -39.1445 0.3
331.95 17.1227 0.3
73.0062 -45.434 0.3
299.975 -47.0538 0.3
81.2279 -69.6574 0.3
85.1168 -69.1634 0.3
198.7641 -42.6138 0.3
